0.044285
0.175969
0.437241
0.868655
1.507710
2.387905
3.539461
4.989139
6.760782
8.874277
11.347240
14.196040
17.439057
21.093423
25.176106
29.704596
34.693557
40.155879
46.102583
52.542251
59.476459
66.897047
74.788383
83.127421
91.881752
101.008539
110.455979
120.168920
130.090756
140.166939
150.346181
160.582604
170.841516
181.106399
191.377721
201.664372
211.986924
222.374931
232.866523
243.510333
254.358772
265.460874
276.858817
288.592614
300.699297
313.205305
326.128176
339.473587
353.227663
367.369828
381.869389
396.681035
411.752881
427.021307
442.413343
457.849325
473.247341
488.523540
503.590989
518.357415
532.726766
546.601974
559.881591
572.460088
584.233460
595.105161
604.990309
613.816300
621.525079
628.077989
633.457586
637.670832
640.749012
642.746616
643.736324
643.806631
643.059491
641.604605
639.558353
637.038292
635.542553
633.770066
631.813939
629.740062
627.583769
625.360209
623.711700
621.971906
620.095231
617.979003
615.826478
613.245267
610.185007
606.499390
602.142443
597.118147
591.415445
585.092047
578.557378
571.452910
563.744065
555.410726
547.263261
538.516746
529.161992
519.192667
508.607636
497.509831
487.466307
477.134051
466.614930
456.003728
445.533220
435.490512
426.045735
417.217735
409.242871
402.248070
396.387816
391.877231
388.748960
386.832201
386.111197
386.654254
388.393971
391.200137
395.009180
399.674653
404.963239
411.114595
418.118405
425.884769
434.528163
443.963792
454.285731
465.755985
478.453134
492.326873
507.408204
523.627524
541.036698
559.729604
579.515689
600.021742
621.214802
643.008556
665.255873
687.812727
710.421132
732.852206
754.972784
776.962649
798.737398
820.126913
841.258175
862.131755
882.695696
903.198372
923.730178
944.266472
975.770046
985.674764
1006.560319
1027.696993
1049.080094
1070.583276
1102.019495
1113.813882
1135.405314
1156.917362
1182.718262
1199.273988
1222.397191
1240.947049
1261.649373
1282.543625
1304.877815
1322.204180
1345.887457
1357.224148
1373.027424
1386.485525
1410.728739
1408.372531
1418.384207
1420.987855
1423.441737
1423.090040
1449.281437
1413.975860
1405.510675
1394.888436
1384.947340
1368.414585
1363.441846
1336.791747
1320.268536
1301.984782
1288.566582
1265.323926
1249.656595
1227.734515
1209.066388
1191.194153
1176.935526
1155.753153
1143.616226
1119.752233
1101.424234
1083.022333
1077.340332
1046.001507
1027.216491
1008.297962
989.153948
969.770142
962.021398
930.136893
909.687462
888.599480
866.908779
844.625739
821.712016
798.207564
774.306088
750.032607
725.572637
701.226484
677.230343
653.601136
630.703800
608.835240
588.075341
568.742937
550.777195
534.129597
518.952884
505.333654
493.337455
482.852944
473.590378
465.367292
458.199483
452.148889
447.151776
442.975783
439.822509
437.472453
436.210889
436.035568
436.919336
438.865230
442.068288
446.446262
451.874372
458.468827
466.080877
474.429013
483.504035
493.131671
503.113290
513.461331
523.847846
533.937161
543.681519
553.125116
562.243004
570.801218
578.749571
586.095346
594.404390
602.252690
609.667264
616.611766
623.183724
629.522498
636.365122
643.039076
649.503422
655.805604
662.253354
668.465748
674.348130
679.959541
685.272258
690.285989
695.030924
699.569088
704.260635
708.705864
712.877292
716.685827
720.873939
724.532376
727.548212
729.792589
731.158671
731.554637
732.391657
732.094741
730.605076
727.887460
723.927943
718.731326
712.324818
704.753891
696.076651
686.360803
675.681353
664.119808
651.758450
638.678556
624.958113
610.674011
595.899689
580.706367
565.166446
549.350892
533.331731
517.187342
501.003988
484.873574
468.878672
453.098496
437.601167
422.443762
407.672932
393.318984
379.402785
365.918559
352.844658
340.146312
327.774023
315.667066
303.763930
292.003950
280.326339
268.676957
257.015385
245.309399
233.542884
221.714854
209.838034
197.948470
186.092792
174.320348
162.683166
151.237252
140.042316
129.155481
118.627727
108.498167
98.797133
89.549323
80.775307
72.483517
64.672134
57.337699
50.481028
44.101033
38.192740
32.751660
27.776366
23.264360
19.207882
15.599406
12.429684
9.686168
7.351221
5.403912
3.819393
2.568275
1.617924
0.931230
0.468551
0.188274
0.047186
