0.000000
0.068363
0.186456
0.320441
1.210815
1.513635
1.814455
2.112290
0.732777
0.737874
0.730046
3.255524
0.690872
0.678848
0.669325
0.672194
0.683606
0.710359
0.752823
0.805680
0.876440
0.962634
1.059978
1.172240
1.298364
1.441096
1.593631
1.754603
1.918582
2.088603
2.265749
2.448219
2.633879
2.814934
2.995735
3.185668
3.382152
3.580069
3.764415
3.943152
4.105647
4.245196
4.359208
4.438447
4.496269
4.503298
4.477819
4.427688
4.336437
4.218557
4.089383
3.948129
3.803686
3.665853
3.536577
3.412014
3.309607
3.236380
3.187557
3.172824
3.179935
3.195960
3.230526
3.285854
3.353053
3.418355
3.475337
3.516457
3.541580
3.552467
3.544688
3.507929
3.446038
3.371419
3.291103
3.195540
3.085795
2.972274
2.858680
2.740471
2.611586
2.482315
2.349612
2.210545
2.067025
1.917392
1.759835
1.591819
1.416203
1.231071
1.038937
0.839670
0.634878
0.425731
0.213832
