24.376003
47.874952
70.092553
91.203289
112.114111
131.778096
149.651045
165.718795
180.710410
194.164494
206.667312
217.831360
225.515017
230.519474
236.378659
241.508174
244.253382
245.570425
245.999185
247.284000
248.411090
247.142832
242.760869
238.828551
233.772572
227.482227
225.395415
228.837561
229.052848
228.071954
234.543023
239.736608
241.872002
254.227522
261.245710
255.584630
236.406438
212.421059
178.747803
141.365465
104.513182
78.236514
61.781287
54.452400
48.907874
43.495466
38.120807
39.575177
43.600715
48.513887
49.823222
45.812514
41.154695
31.791825
18.832499
6.819991
0.000000
6.558176
17.823636
31.270385
43.314230
52.248679
59.474193
60.862127
54.381523
48.033875
45.702588
48.391030
50.527203
52.505210
57.501915
66.817284
84.347864
111.504144
145.737314
183.435174
219.350073
248.841886
270.191926
276.503114
271.395654
264.364309
245.582446
227.906990
219.261860
217.254597
213.427689
218.595964
226.345453
235.996433
241.977577
246.351360
247.964442
245.584600
244.160620
245.203508
246.243311
243.627899
238.874148
232.717760
224.254067
215.315196
205.925472
195.681106
183.135377
168.644295
152.416750
134.817872
115.422171
93.784956
71.069035
48.065654
24.535842
