0.217223
0.433366
0.646213
0.854274
1.058603
1.258303
1.452038
1.635297
1.810801
1.975452
2.130528
2.277332
2.411561
2.537153
2.657504
2.776945
2.882674
2.984260
3.091006
3.196782
3.291713
3.380364
3.476882
3.567499
3.632745
3.668326
3.692251
3.700782
3.686279
3.641605
3.579391
3.507106
3.437803
3.371796
3.306459
3.241421
3.193190
3.190969
3.214885
3.269338
3.356030
3.457557
3.590482
3.740483
3.892041
4.048032
4.208228
4.349748
4.462821
4.550302
4.604780
4.600797
4.575568
4.510679
4.415517
4.287043
4.125572
3.948101
3.738866
3.530962
3.330999
3.141314
2.953795
2.762167
2.574086
2.385871
2.200328
2.021251
1.842550
1.667937
1.499203
1.345944
1.204347
1.075741
0.957061
0.855707
0.776502
0.709261
0.656317
0.619885
4.040408
3.787031
3.525209
3.255524
0.559311
0.556857
0.552850
0.535435
0.505531
0.454501
0.377917
0.279318
0.603243
0.065100
0.000000
0.071626
0.603243
0.361563
0.529424
0.677438
0.796074
0.874257
0.912704
0.918890
0.900780
3.255524
3.525209
3.787031
4.040408
0.724503
0.710894
0.711456
0.729144
0.755654
0.795820
0.849526
0.915609
0.998536
1.097525
1.214255
1.344711
1.487956
1.636836
1.791336
1.957411
2.134270
2.313964
2.488554
2.660472
2.840374
3.025438
3.212037
3.403258
3.599260
3.795778
3.979713
4.142849
4.276098
4.387758
4.456295
4.492816
4.505629
4.464647
4.389082
4.286724
4.155775
4.016891
3.874150
3.717123
3.554691
3.404328
3.281792
3.181925
3.104227
3.053410
3.020125
3.023248
3.064602
3.126716
3.195105
3.264394
3.332131
3.390909
3.436609
3.456630
3.448358
3.415195
3.362475
3.290492
3.194298
3.080583
2.960289
2.834685
2.703998
2.565667
2.427477
2.287663
2.143759
2.003523
1.859332
1.708869
1.548342
1.380368
1.203839
1.019271
0.825065
0.623543
0.418096
0.210440
