 0.000000
 0.000326 0.000000
 0.001544 0.000539 0.000000
 0.001499 0.002671 0.003932 0.000000
 0.000479 0.000035 0.000585 0.003282 0.000000
 0.000301 0.000267 0.001495 0.003145 0.000214 0.000000
 0.000407 0.000007 0.000516 0.002955 0.000012 0.000258 0.000000
 0.001767 0.002036 0.004339 0.005938 0.001763 0.000843 0.001965 0.000000
 0.001743 0.002223 0.004735 0.005609 0.001994 0.000950 0.002179 0.000034 0.000000
 0.004002 0.006151 0.010325 0.005507 0.006255 0.004220 0.006307 0.002706 0.002129 0.000000
 0.001503 0.002535 0.005404 0.004155 0.002485 0.001243 0.002581 0.000518 0.000297 0.000970 0.000000
 0.006922 0.010159 0.015032 0.006029 0.010619 0.008198 0.010494 0.007073 0.006129 0.001145 0.003797 0.000000
 0.005664 0.008135 0.012872 0.007265 0.008214 0.005824 0.008298 0.003702 0.003030 0.000145 0.001735 0.001029 0.000000
 0.000455 0.000154 0.001055 0.003532 0.000071 0.000058 0.000121 0.001126 0.001317 0.005258 0.001807 0.009623 0.007024 0.000000
 0.000968 0.000229 0.000068 0.003237 0.000287 0.000962 0.000223 0.003475 0.003788 0.008714 0.004290 0.013093 0.011067 0.000644 0.000000
 0.004965 0.006710 0.011016 0.008248 0.006540 0.004383 0.006750 0.001931 0.001505 0.000532 0.001012 0.002991 0.000540 0.005330 0.009420 0.000000
 0.010955 0.013847 0.019878 0.013930 0.013695 0.010466 0.013951 0.006430 0.005654 0.001918 0.004506 0.003108 0.001069 0.011950 0.017667 0.001326 0.000000
 0.008118 0.011702 0.016093 0.004876 0.012531 0.010465 0.012183 0.010896 0.009808 0.003732 0.006682 0.001031 0.003953 0.011919 0.014241 0.007040 0.007703 0.000000
 0.012613 0.016942 0.021714 0.007516 0.018051 0.015788 0.017559 0.016690 0.015345 0.007288 0.011356 0.002913 0.007389 0.017495 0.019663 0.011640 0.011568 0.000614 0.000000
 0.004860 0.006939 0.011365 0.007194 0.006912 0.004700 0.007045 0.002557 0.002015 0.000145 0.001108 0.001788 0.000129 0.005753 0.009694 0.000153 0.001218 0.005145 0.009126 0.000000
 0.001870 0.003405 0.006636 0.003499 0.003505 0.002059 0.003528 0.001435 0.001046 0.000403 0.000229 0.002208 0.001023 0.002806 0.005360 0.000998 0.003848 0.004455 0.008384 0.000739 0.000000
 0.001531 0.002466 0.005284 0.004421 0.002380 0.001165 0.002495 0.000384 0.000197 0.001128 0.000010 0.004174 0.001910 0.001697 0.004196 0.001036 0.004630 0.007223 0.012060 0.001212 0.000335 0.000000
 0.000820 0.001987 0.004539 0.002260 0.002127 0.001112 0.002106 0.001257 0.000976 0.001198 0.000295 0.003263 0.002173 0.001670 0.003494 0.002002 0.005893 0.005042 0.009072 0.001750 0.000218 0.000387 0.000000
 0.000531 0.000036 0.000499 0.003324 0.000004 0.000273 0.000011 0.001914 0.002160 0.006544 0.002674 0.010953 0.008549 0.000104 0.000231 0.006847 0.014140 0.012816 0.018359 0.007224 0.003719 0.002567 0.002286 0.000000
 0.000142 0.000082 0.001042 0.002467 0.000113 0.000080 0.000102 0.001431 0.001537 0.004815 0.001708 0.008548 0.006580 0.000095 0.000585 0.005325 0.011791 0.010275 0.015365 0.005506 0.002436 0.001660 0.001282 0.000148 0.000000
 0.000233 0.000994 0.002922 0.001751 0.001132 0.000507 0.001091 0.001246 0.001090 0.002300 0.000635 0.004804 0.003594 0.000872 0.002098 0.003149 0.008022 0.006351 0.010629 0.002981 0.000782 0.000693 0.000179 0.001241 0.000532 0.000000
