0.044285
0.175969
0.437241
0.868655
1.507710
2.387905
3.539461
4.989139
6.760782
8.874277
11.347240
14.196040
17.439057
21.093423
25.176106
29.704596
34.693557
40.155879
46.102583
52.542251
59.476459
66.897047
74.788383
83.127421
91.881752
101.008539
110.455979
120.168920
130.090756
140.166939
150.346181
160.582604
170.841516
181.106399
191.377721
201.664372
211.986924
222.374931
232.866523
243.510333
254.358772
265.460874
276.858817
288.592614
300.699297
313.205305
326.128176
339.473587
353.227663
367.369828
381.869389
396.681035
411.752881
427.021307
442.413343
457.849325
473.247341
488.523540
503.590989
518.357415
532.726766
546.601974
559.881591
572.460088
584.233460
595.105161
604.990309
613.816300
621.525079
628.077989
633.457586
637.670832
640.749012
642.746616
643.736324
643.806631
643.059491
641.604605
639.558353
637.038292
634.155849
631.015012
628.845143
626.568293
624.245280
621.897254
619.509026
617.041991
614.450194
612.002476
609.536649
606.638769
603.221134
599.196991
594.538210
589.205615
583.240613
576.688531
569.890970
562.986924
555.557524
547.628568
539.145139
530.067654
520.445466
510.293590
500.858973
490.911390
480.529007
469.840774
458.936209
447.957170
437.048345
426.373865
416.147346
406.589262
397.889325
390.118832
383.493884
378.027431
373.821807
371.009039
369.524651
369.301080
370.243415
372.395734
375.682967
379.941622
385.220593
391.464455
398.526925
406.586249
415.662274
425.755388
436.951978
449.240114
462.655958
477.218450
493.061707
510.220910
528.527923
547.782635
567.979772
588.938284
610.457050
632.443497
654.686476
677.012414
699.307344
721.469812
743.426311
765.067285
786.370028
807.368778
828.035585
848.637866
869.144574
889.526278
909.965934
930.450744
951.108716
971.970350
993.097618
1014.582518
1043.707989
1058.469986
1080.792637
1103.244550
1125.736821
1148.152226
1170.431387
1197.040048
1218.024208
1235.771008
1256.791759
1277.330253
1297.389028
1317.211708
1336.736882
1354.640117
1374.277377
1388.963089
1395.113588
1404.785353
1412.287016
1417.369263
1419.729662
1420.652846
1434.843179
1411.234585
1401.141465
1390.251815
1377.484969
1363.329985
1348.013237
1336.458975
1318.792604
1297.609772
1278.241178
1258.132892
1239.208194
1220.914775
1202.692273
1184.407501
1170.915320
1153.677219
1128.637813
1109.703594
1090.698809
1071.584276
1052.465324
1033.364955
1023.084423
995.313507
976.091313
956.735656
937.092765
917.147208
896.854960
876.076895
854.897245
832.987088
810.416524
787.250880
763.513057
739.382425
715.045877
690.698125
666.459441
642.625185
619.433102
596.937373
575.456096
555.122352
536.135290
518.756310
502.937481
488.632818
475.627506
464.107783
453.990802
445.169943
437.667121
431.336442
426.200649
422.029138
419.013992
417.076996
416.175960
416.458129
418.067156
420.916157
424.937770
430.147430
436.531316
443.842377
452.072869
461.191182
470.973556
481.322966
491.904987
502.564556
513.191036
523.638034
533.808962
543.589799
552.957686
561.801182
570.110973
577.930448
585.322193
592.212942
599.801982
607.069430
614.166877
621.035895
627.666000
634.136213
640.502252
647.063294
653.676771
660.092308
666.254647
672.128761
677.684808
682.983384
688.055145
692.923093
697.976092
703.273455
708.327391
713.067271
717.400581
721.207799
724.378634
726.804615
729.660961
731.554637
732.391657
732.094741
730.605076
727.887460
723.927943
718.731326
712.324818
704.753891
696.076651
686.360803
675.681353
664.119808
651.758450
638.678556
624.958113
610.674011
595.899689
580.706367
565.166446
549.350892
533.331731
517.187342
501.003988
484.873574
468.878672
453.098496
437.601167
422.443762
407.672932
393.318984
379.402785
365.918559
352.844658
340.146312
327.774023
315.667066
303.763930
292.003950
280.326339
268.676957
257.015385
245.309399
233.542884
221.714854
209.838034
197.948470
186.092792
174.320348
162.683166
151.237252
140.042316
129.155481
118.627727
108.498167
98.797133
89.549323
80.775307
72.483517
64.672134
57.337699
50.481028
44.101033
38.192740
32.751660
27.776366
23.264360
19.207882
15.599406
12.429684
9.686168
7.351221
5.403912
3.819393
2.568275
1.617924
0.931230
0.468551
0.188274
0.047186
