0.044285
0.175969
0.437241
0.868655
1.507710
2.387905
3.539461
4.989139
6.760782
8.874277
11.347240
14.196040
17.439057
21.093423
25.176106
29.704596
34.693557
40.155879
46.102583
52.542251
59.476459
66.897047
74.788383
83.127421
91.881752
101.008539
110.455979
120.168920
130.090756
140.166939
150.346181
160.582604
170.841516
181.106399
191.377721
201.664372
211.986924
222.374931
232.866523
243.510333
254.358772
265.460874
276.858817
288.592614
300.699297
313.205305
326.128176
339.473587
353.227663
367.369828
381.869389
396.681035
411.752881
427.021307
442.413343
457.849325
473.247341
488.523540
503.590989
518.357415
532.726766
546.601974
559.881591
572.460088
584.233460
595.105161
604.990309
613.816300
621.525079
628.077989
633.457586
637.670832
640.749012
642.746616
643.736324
643.806631
643.059491
641.604605
639.558353
637.038292
634.155849
631.015012
627.705087
624.303269
620.867251
617.427479
613.987145
610.520220
606.972081
603.262427
599.292881
594.953293
590.137505
584.754216
578.742508
572.105724
564.870589
557.071728
548.745223
539.922849
530.628625
520.880960
510.696080
500.088157
489.075668
477.683306
465.946719
453.915280
441.651230
429.233554
416.758035
404.337758
392.100735
380.186186
368.744892
357.930658
347.890937
338.764109
330.673410
323.723379
317.992628
313.533262
310.372799
308.519403
307.964503
308.686764
310.659572
313.855457
318.255199
323.852491
330.651900
338.667692
347.909922
358.392484
370.125237
383.110526
397.340515
412.790880
429.430240
447.202608
466.033212
485.830970
506.484849
527.865563
549.841385
572.278461
595.039429
617.996141
641.038386
664.069478
687.017980
709.840026
732.518225
755.068280
777.521740
799.916652
822.295469
844.701780
867.178952
889.765789
912.495305
935.389321
958.461153
981.719178
1005.167873
1028.798310
1052.587632
1076.504957
1100.513084
1124.558798
1148.568847
1172.451439
1196.097768
1219.380035
1242.149818
1264.245683
1285.494645
1305.712317
1324.704363
1342.269685
1358.202359
1372.293783
1384.338127
1394.136530
1401.507858
1406.301620
1408.409331
1407.778246
1404.413662
1398.382610
1389.907289
1379.249495
1366.689875
1352.509383
1336.975252
1320.330106
1302.789681
1284.541589
1265.741181
1246.512088
1226.950583
1207.129499
1187.106163
1166.919963
1146.596557
1126.152622
1105.597849
1084.939671
1064.184986
1043.343509
1022.421441
1001.417762
980.326067
959.133548
937.818341
916.343720
894.659155
872.706147
850.423099
827.751717
804.640391
781.052446
756.976018
732.437806
707.507544
682.289397
656.920423
631.559906
606.389520
581.608593
557.421798
534.028166
511.612197
490.346453
470.380827
451.834721
434.799429
419.335419
405.466373
393.198187
382.518524
373.392786
365.779304
359.629104
354.888955
351.509303
349.449626
348.679620
349.179073
350.928149
353.902711
358.072655
363.396429
369.816789
377.261287
385.643540
394.861145
404.796079
415.319066
426.297613
437.596086
449.082277
460.635207
472.150625
483.539643
494.728522
505.661573
516.300526
526.624680
536.627458
546.314022
555.704782
564.826936
573.717240
582.417503
590.964547
599.389218
607.712190
615.940205
624.064309
632.061895
639.900812
647.549682
654.981804
662.186320
669.198210
676.055603
682.782212
689.380215
695.824468
702.060601
708.010081
713.575084
718.642327
723.092702
726.804615
729.660961
731.554637
732.391657
732.094741
730.605076
727.887460
723.927943
718.731326
712.324818
704.753891
696.076651
686.360803
675.681353
664.119808
651.758450
638.678556
624.958113
610.674011
595.899689
580.706367
565.166446
549.350892
533.331731
517.187342
501.003988
484.873574
468.878672
453.098496
437.601167
422.443762
407.672932
393.318984
379.402785
365.918559
352.844658
340.146312
327.774023
315.667066
303.763930
292.003950
280.326339
268.676957
257.015385
245.309399
233.542884
221.714854
209.838034
197.948470
186.092792
174.320348
162.683166
151.237252
140.042316
129.155481
118.627727
108.498167
98.797133
89.549323
80.775307
72.483517
64.672134
57.337699
50.481028
44.101033
38.192740
32.751660
27.776366
23.264360
19.207882
15.599406
12.429684
9.686168
7.351221
5.403912
3.819393
2.568275
1.617924
0.931230
0.468551
0.188274
0.047186
