0.000000
0.000000
0.000000
0.000000
0.000000
0.000000
0.000000
0.000000
0.000000
0.000000
0.000000
0.000000
0.000000
0.000000
0.000000
0.000000
0.000000
0.000000
0.000000
0.000000
0.000000
0.000000
0.000000
0.000000
0.000000
0.000000
0.000000
0.000000
0.000000
0.000000
0.000000
0.000000
3.684010
3.690046
3.685944
3.671996
3.648829
3.616310
3.560321
3.505707
3.454164
3.407193
3.366122
3.332125
3.285731
3.243195
3.207151
3.179071
3.160172
3.151338
3.153069
3.165432
3.188042
3.220063
3.260232
3.306915
3.358184
3.411909
3.465866
3.517846
3.565762
3.607741
3.642201
3.667908
10.589233
10.645306
10.691343
10.564734
10.414922
10.208422
9.907646
9.621212
9.355583
9.115609
8.905152
8.727756
8.556083
8.409463
8.298016
8.117987
8.003161
7.957951
7.984095
8.080587
8.243721
8.447025
8.605117
8.814891
9.079017
9.395086
9.758693
10.155556
10.311647
10.383767
10.455902
10.525279
19.375086
19.527505
19.323455
18.886437
18.479214
18.117436
17.731220
17.006883
16.348842
15.760536
15.242722
14.632459
14.092040
13.685010
13.429907
13.173660
12.861537
12.738647
12.809712
13.072000
13.267567
13.626766
14.110487
14.602332
15.227845
15.994549
16.904545
17.513675
18.132414
18.816584
19.012662
19.201245
29.090912
29.526638
29.021790
28.141514
27.321253
26.592529
25.556359
24.326039
23.074691
22.125697
21.259064
20.338319
19.266859
18.429891
17.867362
17.588065
16.995271
16.755067
16.846011
17.026581
17.438568
18.136453
19.105092
20.080961
21.154715
22.512869
23.857034
24.943562
26.204123
27.583787
28.820835
28.885388
37.648843
38.039258
37.301341
36.932084
36.070334
33.752781
32.068456
30.640824
28.799767
27.474385
25.963626
24.559431
23.474360
22.270912
21.262004
20.719703
20.059004
19.869191
19.990074
19.999749
20.469146
21.615672
22.848049
24.225335
25.680610
27.774217
29.768007
32.084936
34.259146
35.596733
36.961608
37.371604
45.477858
45.657748
44.685438
44.208144
42.025917
39.698286
37.243938
35.705754
33.286235
31.751102
29.553045
27.655318
26.189443
25.032476
23.344677
22.291283
21.623355
21.669407
21.869067
22.117200
22.650997
23.570046
25.044641
26.776615
28.557838
31.317446
33.921238
37.456677
40.326997
41.680621
43.730176
45.165255
50.673299
50.828432
50.440499
48.963277
45.944523
43.717305
40.676235
38.514867
35.900393
34.220571
31.752482
29.677368
27.905147
26.111461
24.453021
23.682333
23.158393
23.070246
22.799916
23.186331
23.854559
24.581952
26.018751
27.975129
30.158085
33.124096
36.295226
40.883849
43.620109
46.267008
48.731577
50.567434
53.446825
53.236067
52.592742
51.293390
48.234584
45.359906
42.331641
39.302591
36.754760
35.127910
32.718630
30.708964
28.770603
26.892768
25.984180
24.886679
24.179234
23.989019
23.783386
23.777169
24.171582
24.993372
26.599207
28.942286
31.283233
34.491187
38.255076
41.730727
45.668178
48.721011
50.911597
53.304409
54.026828
53.420228
52.354104
51.546704
48.941534
45.270987
42.210244
39.491505
37.111395
35.167059
32.712294
30.930333
28.879512
27.706428
26.520861
25.188840
24.491276
23.920299
24.009930
24.301628
23.958576
25.362355
26.454970
28.770076
31.005087
34.355169
39.205544
42.392225
46.525206
49.098324
51.535851
53.732233
52.192478
51.951352
50.993089
51.193672
47.856626
43.577938
42.368514
39.464200
36.714038
34.621674
32.911222
30.574357
29.101785
27.858475
26.748725
25.832606
24.996065
24.493199
24.263290
24.503716
24.665960
25.561567
25.771058
28.831175
31.138709
34.063666
38.603435
41.441371
45.325187
48.119760
50.626762
51.707409
48.265096
48.837188
48.464899
49.113032
45.852489
42.765498
40.782612
38.096801
35.484753
33.199600
32.641607
30.588400
28.845592
27.842395
27.044808
25.854492
24.822447
24.520944
24.724550
25.011295
25.414904
25.848519
26.924025
29.035147
30.728957
33.276633
37.164877
38.885932
43.676742
46.213086
48.365059
47.940179
45.928550
45.984047
44.205264
45.086451
43.599588
41.168542
38.850695
37.628163
35.367147
33.166621
32.198904
30.606280
28.355572
28.022458
26.888369
26.346864
25.559793
25.071829
25.061367
26.054601
25.974511
26.804498
27.743838
28.996526
30.218784
31.630388
34.941280
37.813098
42.000857
44.062787
44.929613
45.127459
43.539863
43.470943
41.738667
41.033235
41.540231
38.996868
37.794100
36.426262
34.555051
32.620633
31.941921
30.413328
28.618939
28.123873
27.661873
27.484348
26.511021
26.347452
26.623478
27.307383
27.038214
27.879231
28.567728
29.886794
30.672306
32.007797
33.226059
36.251652
39.676030
41.534270
43.160879
43.507124
40.729945
40.018864
39.764153
38.716951
38.947399
38.196318
36.254507
35.273703
34.282889
32.202570
31.516384
30.509042
29.263028
28.711820
28.460649
28.398047
27.689306
27.529398
28.348107
28.911807
29.066362
29.137493
29.770621
30.608059
30.728000
31.925471
32.968761
34.155710
37.572394
38.998384
41.036075
41.227547
38.805815
38.046155
37.969150
37.967551
36.359366
37.362432
35.307584
34.744840
34.167379
32.376486
32.038432
30.817881
29.979694
29.883367
29.269631
30.822216
30.310954
30.399202
30.116506
30.844761
31.074908
31.106662
30.944413
31.755208
32.113391
32.618603
32.288793
34.021197
36.322867
37.722754
38.385836
39.565713
36.318339
35.606959
36.559502
37.158490
34.893662
36.423003
34.825518
33.833281
33.971737
32.296232
33.518599
31.567859
31.267662
31.673072
32.373818
33.220132
32.913000
33.362729
33.383124
32.849340
33.160317
33.295488
33.057650
33.143041
33.708419
34.125320
33.131846
33.978041
36.224449
37.541677
37.081170
37.305572
36.123920
34.677423
35.235791
36.701359
35.403123
35.789292
34.173335
35.129810
34.761238
33.846555
35.120570
33.992692
33.944586
34.761552
35.700073
36.127536
36.598774
36.795153
36.819936
36.190893
36.634738
35.767714
36.050690
34.296072
35.534952
35.543870
34.948408
33.722107
36.297257
37.633963
36.176374
36.073973
36.614978
36.118753
35.520002
36.737928
36.224126
35.534785
35.397536
36.972674
35.402375
35.790070
36.862961
36.877817
36.722418
39.151606
39.464366
39.900556
40.749112
40.880754
40.873967
41.042788
40.606004
39.928998
39.083405
37.864490
38.027544
37.891203
36.533851
35.080974
36.424239
37.267177
36.325997
36.643653
37.178550
37.563355
37.999919
37.154724
37.465238
35.738758
37.054963
38.968278
37.691020
38.282154
38.908061
40.247652
39.806770
43.841952
43.934709
43.745276
45.494587
45.051867
45.756968
45.939987
44.856698
45.353472
43.924987
41.729177
40.508867
40.180240
38.747686
36.912368
37.085300
37.435306
37.377456
37.151993
38.269018
38.926523
40.705340
38.700199
39.287121
38.381140
39.114715
40.681805
40.858784
41.847096
41.732449
44.757366
45.167779
48.801187
48.804866
50.432278
51.991380
51.446825
50.985504
51.303839
49.797605
52.084175
49.348327
46.289423
44.584554
43.159992
41.488878
39.190748
38.472491
38.743470
38.421522
38.528205
39.300084
40.235170
42.846859
41.259628
41.628642
41.746758
42.392547
42.587913
44.308675
45.736018
47.035636
49.923221
51.630608
53.864185
55.519339
57.675647
58.693662
58.474305
58.418105
57.409789
56.954351
58.174550
55.402109
51.372660
49.096829
47.267942
45.052660
42.892395
41.765868
41.029614
40.463530
40.054412
42.135309
42.343255
44.640017
44.046759
44.527873
45.388006
45.655385
46.340936
48.949107
50.645222
52.495102
55.459889
58.298742
59.052997
63.235741
65.233662
65.658361
65.656273
66.885162
64.355602
64.521680
64.014034
62.385411
56.630852
54.160991
51.593384
49.651669
47.221211
45.305999
43.779004
43.185366
42.511740
45.621063
46.189969
46.676751
47.694691
48.509654
49.706176
49.796633
50.739289
53.710586
56.041814
58.421256
62.200670
65.891019
65.956874
71.706391
73.431735
72.844181
72.739674
75.543216
72.358743
72.432613
69.897876
70.007555
63.571372
60.292382
57.870455
54.216314
52.070414
49.035375
47.515902
46.266885
46.627167
49.674800
50.259321
51.166023
52.450168
53.358144
54.463765
55.442420
56.174166
60.022738
62.118019
65.559228
69.692494
73.281051
74.917889
79.675220
82.002685
80.913159
80.232884
83.864790
81.195241
80.923092
77.368224
76.793469
70.802429
66.595208
64.240092
59.746507
57.684214
53.290682
52.417804
50.253973
50.802855
55.264457
55.688271
55.933941
57.941730
59.029490
59.792652
61.328412
64.812748
67.220930
69.737350
73.150456
77.904922
80.760976
84.986235
87.690837
90.790758
91.407913
91.065020
92.381331
89.859373
89.658390
85.932293
83.320199
78.482611
74.620184
70.784365
66.156390
63.265009
58.242560
57.771826
54.931941
55.839839
61.009172
61.700457
61.845247
64.202695
65.621292
67.260322
69.108612
73.357163
74.703819
77.304060
81.734447
85.498083
88.312831
94.469507
95.916895
99.664776
102.210882
102.622200
101.594046
98.497522
98.513111
95.575702
90.420386
87.001722
83.208128
78.040907
72.740236
69.170455
63.437302
63.292580
60.516701
61.257569
66.977719
68.253965
70.040452
71.062472
73.507459
74.797197
77.602150
81.416030
82.775726
85.796511
90.766793
93.243013
96.715161
102.754526
104.117049
108.561125
112.050293
113.193134
112.702751
107.540897
107.965672
103.750436
99.270279
95.797129
91.398519
85.580955
79.875455
76.365090
69.933673
68.928237
67.434895
67.190495
73.121667
75.966853
78.555827
78.217247
81.334344
82.310179
86.192664
89.718183
91.062158
95.327215
100.029283
101.178464
106.252881
111.013057
111.557551
117.557904
121.689248
121.460791
123.934328
117.035174
117.624004
111.681732
108.376475
104.481838
98.460847
93.148471
87.349507
83.375585
78.325821
75.041773
74.019717
74.329925
79.956403
84.171358
86.407173
86.495991
88.989525
91.686041
93.819479
98.616133
100.292498
105.407109
109.045950
111.528280
116.156161
118.829274
121.181757
127.051114
131.127869
130.385697
133.387450
127.077016
126.837693
119.443022
117.400754
113.545324
105.681307
100.799971
95.096328
90.095590
86.191563
82.411863
80.995149
81.654677
88.532886
91.728660
93.747098
95.309678
97.297377
101.864201
101.917289
108.170044
110.114817
114.801944
117.775260
121.984753
126.182681
127.035527
132.063884
135.992747
139.404795
141.025091
142.176738
137.040086
135.621534
129.221583
126.047592
122.779516
114.757431
108.875917
103.155027
98.237068
93.363578
90.683851
88.623084
89.665878
97.323968
98.693493
101.163799
103.623713
107.537989
111.848832
111.078634
117.806403
120.033044
124.169194
126.656437
132.302620
134.835343
136.246516
142.470165
144.864324
147.842329
152.027060
151.584561
147.690911
143.491383
139.423293
134.915826
131.180930
124.406706
118.218264
111.958339
106.941179
101.968200
99.822432
96.969848
98.054249
106.071571
106.004023
108.729478
112.389190
117.162587
120.951479
121.870971
126.779639
129.493657
133.494810
136.765709
140.391871
143.944853
145.910001
153.591355
154.396827
157.348038
162.378264
161.696836
158.205460
152.217502
149.847414
143.851940
139.501105
133.580153
128.121321
121.199768
115.844703
110.813760
108.510271
106.600999
106.541370
114.934943
114.658600
116.101612
122.589190
126.074805
129.602265
132.913933
135.467711
139.156920
142.581359
147.375605
148.483526
153.631699
154.687933
165.879384
165.580811
167.359397
170.584676
171.828793
166.812443
160.839179
158.710530
151.997201
147.541968
141.490453
135.497416
130.531616
124.297993
119.056430
116.808968
115.929644
114.887468
123.669704
123.549753
123.617453
131.929720
135.451160
138.148061
142.847581
144.519988
149.256167
151.861880
156.668992
157.108960
163.883161
165.207821
178.745351
176.525098
177.715305
179.285100
181.777722
174.440428
170.052105
167.049242
159.423820
155.798109
149.543681
142.349956
140.440646
131.914566
126.907015
125.530082
124.601013
123.356910
131.652650
133.238683
133.000370
140.341827
145.433926
148.425044
151.871835
155.566647
159.673129
163.270104
164.881853
169.631976
174.765371
177.700894
188.577903
186.894028
188.756522
188.032575
191.739521
183.393425
179.377137
176.186547
167.506161
164.382604
159.004081
150.218656
148.491373
140.093500
135.441355
134.696191
132.195284
132.627663
139.783091
143.433337
143.256978
149.216508
155.613269
158.594885
160.691556
166.780931
170.500840
175.117998
172.969284
181.708161
185.851613
190.892389
196.997061
197.199894
199.997526
197.124507
202.557333
195.176644
188.581584
185.735587
177.081361
173.601103
168.908187
160.346420
154.741056
149.842038
143.818496
143.679627
139.728532
141.915245
148.225167
153.661908
152.856317
159.294025
165.509049
168.563585
172.029872
177.458716
182.543194
187.283799
186.448256
193.101112
196.560862
202.774298
204.584167
207.730935
207.432026
206.861182
212.175916
206.782033
197.789917
194.690665
188.748163
182.974045
178.185125
170.337945
160.808582
159.247704
151.920834
152.046312
148.585884
150.898652
156.866515
162.851602
162.034936
168.891637
174.976339
177.992865
182.981565
187.763825
194.809331
199.670279
200.161735
201.517636
205.311516
211.448579
211.169049
216.840218
213.535715
215.621072
217.979430
215.523781
205.722969
202.985465
196.531432
191.629253
185.928851
179.596702
171.192049
168.157796
162.898343
160.293585
160.184052
159.995387
166.156205
172.140154
171.163087
177.966243
185.136812
187.917102
193.181971
198.571891
206.077873
212.386497
212.573419
208.911649
214.107253
217.204895
218.120272
226.183089
219.947395
223.774149
224.066347
219.643917
211.845715
211.268822
203.593639
199.929512
193.775994
188.602597
181.449478
178.898736
174.398087
169.357981
171.335439
169.356443
177.064322
180.944418
180.110464
188.807833
196.048596
198.954543
202.600005
209.143820
216.932947
219.567626
220.528774
215.932781
223.163784
222.995435
224.126182
232.133561
227.246099
229.169925
227.676056
221.598099
215.226941
218.501165
209.448987
208.165467
201.717160
197.687008
191.062394
188.644568
184.341460
180.084638
180.313105
179.097746
188.155801
189.278500
189.596929
199.735766
204.483221
208.969039
211.836142
219.606051
226.786084
225.672180
227.836472
221.860919
228.608543
228.995210
229.679250
233.863340
234.612534
232.171978
228.799738
222.962914
216.765336
224.706178
213.527692
211.694792
209.753683
205.335660
199.684705
196.892111
192.119141
190.470669
188.757697
189.095467
196.945870
197.722600
199.426394
207.963818
211.593879
218.039272
219.845180
228.162007
231.179277
230.964113
234.014634
225.469430
232.849921
235.072453
234.544232
235.060642
234.979631
235.248493
227.957265
224.548196
219.788516
227.116430
216.857150
214.803746
215.988402
213.472444
208.631513
201.864805
199.283363
198.834912
197.318236
199.186220
205.052054
205.175967
207.201952
213.780759
219.379969
226.057914
227.432968
233.534862
235.566230
235.861276
239.281957
227.730469
236.776594
238.098902
232.820623
233.376740
232.750660
232.408367
225.177021
225.923603
221.610071
228.732643
218.129001
216.393155
218.304300
217.623839
214.548486
207.276311
205.653527
205.476006
207.255120
207.124539
212.886527
212.540345
214.407088
219.726017
225.986990
230.177021
234.773485
238.745717
238.520035
240.878634
243.579859
233.116938
239.149466
237.220536
231.275234
231.466500
229.871806
228.395228
223.512931
223.909700
221.832726
227.484519
217.247057
216.362814
220.571682
217.061532
217.966893
211.880716
210.690306
211.051550
216.710868
215.029668
219.748379
218.812373
220.195783
224.095760
227.213878
232.197577
236.360212
239.077484
240.734111
241.946352
242.485155
237.054570
234.814614
232.848196
229.085649
228.203776
225.265255
222.830409
219.568727
217.352338
215.742500
221.489543
215.036967
215.783105
219.247045
215.803216
221.031770
216.060366
215.754370
216.140238
222.871355
220.425900
226.658450
223.363390
224.102385
227.587303
228.176224
232.269781
237.079452
238.018063
241.862347
242.267441
239.706364
239.373231
228.541514
229.581736
225.084487
222.405301
220.456967
215.789236
210.886836
210.844965
207.206062
214.515313
211.381557
210.353650
217.040050
214.903652
220.699585
219.276574
218.785417
220.079629
224.561818
221.650829
227.583204
227.786701
227.652335
228.633142
229.372522
231.279720
237.615165
236.154644
237.994419
240.982121
236.094419
235.608138
221.240385
224.361973
220.673277
215.899083
212.202954
208.746023
201.815781
203.426808
200.936127
207.004945
208.433377
204.378313
213.653254
213.795019
218.705210
221.434338
221.145844
221.130730
226.185735
222.375760
226.486529
226.237993
226.417147
227.033694
228.812500
229.752392
231.528402
233.214792
233.939869
235.349382
229.899623
227.668424
216.167432
215.553247
213.440505
206.123276
202.542183
199.737277
193.944012
193.880744
196.325315
198.421703
205.110822
198.478265
207.938614
211.231384
214.687529
218.273961
221.806986
218.723119
225.550316
224.022395
224.778134
223.356105
221.975665
224.401467
223.984273
225.373942
223.179657
229.924200
227.376600
229.126849
222.906135
219.985494
212.039288
206.921875
203.109638
195.910613
193.283094
190.491233
187.287400
183.622931
187.262035
190.209513
196.312640
192.580058
202.016677
206.558935
207.464508
213.918724
218.348312
216.796735
223.348902
225.839507
221.526934
219.745334
217.000026
219.171802
217.490903
217.610013
215.727008
222.665036
219.450353
221.254172
216.286471
213.167962
206.754420
199.282856
193.874827
186.980591
185.926775
182.501215
181.110438
175.036746
177.844752
182.357223
185.823411
185.980913
193.213214
201.451704
201.330071
208.928599
213.794664
214.462085
220.654533
224.607025
218.109765
214.808436
212.356906
210.184841
209.036304
209.706740
208.797926
213.558462
211.094209
212.684034
208.201355
205.867907
200.599504
193.073235
185.642580
180.717174
178.348412
177.549944
172.942756
167.826645
169.654360
174.293921
176.497676
177.392779
183.589583
193.610459
196.619293
203.144156
208.726220
210.670599
215.421603
216.278967
212.410262
209.361286
207.566159
201.315544
201.920086
202.254382
200.354082
204.060784
201.621451
203.973306
199.051637
198.131771
194.309681
185.829929
178.008340
174.128722
173.020509
172.615236
165.464423
160.102206
163.729121
165.025062
169.104292
168.269620
174.851187
185.211261
191.799781
197.202675
202.599532
205.174369
209.667857
207.763331
205.828904
202.664498
201.825933
193.900328
195.032114
194.332562
191.502733
195.083904
191.889447
195.576062
190.882259
191.387973
186.641335
178.317129
171.877170
169.397943
168.383653
167.883641
160.135623
154.558693
158.840433
157.285323
162.685401
160.303277
168.259377
177.414687
185.263317
190.925131
194.973148
197.621565
202.591418
202.100059
198.529380
195.587938
193.193934
187.370381
187.425775
185.291023
183.120859
186.378488
184.608089
187.007346
183.680491
184.107522
177.573345
172.529137
169.066724
165.380884
164.459121
163.077759
159.197409
153.428594
154.800543
153.371494
156.837161
155.698290
161.474150
171.167677
176.443048
183.065351
186.448710
189.161738
192.252944
196.787292
189.555581
188.080563
183.390039
180.638049
179.611379
175.229112
174.992854
179.959332
178.432145
180.009604
176.748918
176.145756
170.663784
168.595741
165.347226
161.977940
163.155171
159.311837
158.152305
153.289555
151.542725
150.286155
150.290162
151.521078
155.737688
164.796735
166.955898
174.981936
177.148404
180.627986
181.895406
190.151874
180.346585
179.143153
176.069347
174.483351
172.259247
169.897820
167.557504
174.625850
172.324546
173.743326
172.602347
171.213778
167.964523
166.222765
162.112295
161.333350
161.732132
160.584197
158.180352
154.432063
150.920038
147.697541
144.021677
146.823045
150.092056
158.305223
158.309766
166.841730
168.739881
172.682141
173.265367
180.843552
173.071384
170.136606
171.512777
170.013179
167.108603
166.809761
161.513971
169.177103
167.271586
167.542803
168.543021
168.354169
165.292720
164.648444
161.412809
160.991627
162.734946
161.698292
159.637710
156.534646
152.345526
149.578751
144.791759
141.396211
145.467089
151.697085
153.565642
160.756980
160.991819
165.841963
166.267742
171.501783
166.287338
164.662984
167.151324
166.171006
163.214506
163.172982
158.176507
164.319895
162.045703
165.978150
165.576055
165.291797
163.547181
164.214249
162.419560
164.017814
164.525486
165.073536
162.413175
158.477017
154.538807
152.479450
145.953650
138.000047
143.157072
146.111414
148.905611
155.860582
153.564748
158.795481
160.002032
165.986712
160.400568
161.294244
161.892267
162.522145
157.125640
159.109774
159.994039
159.538704
161.756119
164.642756
165.314931
164.538936
164.979393
165.784382
166.051260
168.659298
167.427892
170.043542
167.568423
162.097123
157.830982
155.768095
147.784676
142.889143
140.715446
144.628903
145.405654
151.759645
148.624226
152.362091
155.441359
162.566875
157.461695
158.404733
156.715921
157.915110
153.380227
157.019895
161.322464
157.762860
163.807461
165.238703
166.019370
165.655031
165.988273
168.739021
169.842720
172.999672
174.069254
175.112332
172.232403
167.862215
160.944910
159.432269
150.327134
146.896762
142.431301
143.280393
143.645276
150.318942
145.887637
147.220535
150.916533
159.044573
154.363475
156.818559
152.590152
154.709608
152.435675
156.735834
163.734134
158.482969
166.063771
167.596625
167.567867
168.650116
166.329859
171.664455
173.449311
176.600886
180.590386
178.302146
175.847638
173.829593
164.453100
163.472005
152.994035
150.024744
144.934635
143.844390
141.621576
148.571539
142.829156
143.364757
146.508174
154.555066
154.173695
154.738407
154.823339
154.663056
155.325659
159.470780
167.484155
159.183403
169.789703
169.665088
168.523541
171.995156
168.409973
175.687015
177.389841
180.175467
184.150091
181.395354
178.028650
178.907359
168.316980
167.305846
157.381242
153.121333
147.736158
145.484614
143.023696
145.812127
139.727013
141.466565
145.055148
150.430595
154.796361
155.831229
157.141578
158.282839
159.240384
162.940825
170.760885
164.362628
173.340498
173.724043
170.465705
175.465033
175.062982
180.073286
181.394229
183.369658
186.538894
185.064434
179.282803
180.842253
172.335543
169.401127
162.867663
156.456859
151.276770
147.736081
147.163455
145.565010
141.204340
141.835403
144.061408
149.482460
155.504217
160.139661
160.658177
162.038642
163.142071
166.702610
173.093194
169.363706
177.269149
177.883227
177.102401
179.212072
180.637125
183.442378
184.551317
186.256285
188.810796
188.968227
182.810382
180.793955
176.199771
170.776415
167.985051
160.813898
154.639473
152.885529
151.164205
147.156460
144.783985
143.166395
145.875243
151.058861
156.772609
164.943979
165.168684
165.562907
167.051751
170.594474
175.748955
173.536290
181.241861
182.230141
183.129706
182.668671
185.126870
185.572731
186.307197
189.097782
191.154662
192.421010
186.892694
179.850077
179.133166
171.609497
171.693918
165.153764
157.796043
157.293218
154.788263
150.324449
148.169364
145.688103
149.711643
152.933516
157.816742
167.636469
168.812278
169.015007
171.260746
174.693084
178.589948
176.447720
184.489752
186.678267
187.362553
185.032726
188.296070
186.700145
187.917766
190.358938
193.220636
188.891958
189.099718
181.461943
180.932860
176.073154
174.730994
167.776094
160.716394
161.290264
158.049122
154.803346
152.440904
149.111567
153.196643
157.635003
162.095022
169.722281
173.052120
173.138175
174.448885
178.196321
179.378136
178.671267
185.298644
190.938125
189.028253
187.578296
189.648193
187.375924
187.581026
190.981470
190.189514
184.529336
186.984699
183.869346
181.318375
179.631853
176.918018
168.754231
163.231035
165.427898
160.796606
158.582759
157.172151
152.385711
157.414778
161.992030
167.155511
172.322712
177.766643
177.488900
176.282784
179.487861
178.890444
179.101426
185.790939
193.398091
190.845942
189.686545
189.470734
187.710395
185.462618
189.262697
185.218971
181.165652
183.381434
183.212692
180.713326
181.110133
178.129397
169.241383
165.163193
169.474588
162.516181
161.422296
161.586280
155.795844
162.167667
166.105185
171.218427
175.514525
181.368086
180.719224
177.511282
179.850607
177.974511
179.282336
184.784724
195.151836
192.239894
190.161692
188.793779
188.219757
182.925577
184.812107
180.979898
179.922155
179.618598
180.120805
179.118317
179.957074
178.558769
169.295692
166.766161
168.479659
164.185885
164.730918
165.504522
159.294453
167.028420
169.858012
173.110389
178.023286
180.596312
181.221901
176.772114
179.489379
177.071342
179.230125
182.875973
194.434632
192.113637
188.985999
188.218154
187.554766
180.838232
180.164046
179.550615
178.792703
176.615350
176.571004
176.007897
178.118254
176.086653
169.268112
166.767881
167.037805
166.080382
167.418770
166.845264
162.254405
170.376245
173.008652
174.578794
177.780634
179.209576
179.788214
173.501297
176.213142
175.211579
178.488481
180.574847
189.095621
190.980193
186.127385
186.410788
184.427497
177.824540
176.066692
177.758368
173.475417
172.980801
173.122633
171.813971
174.836609
171.728108
166.775757
166.144844
165.462977
166.838695
169.248903
167.300253
163.889322
171.885275
173.144779
174.544396
177.382236
177.201377
176.083383
168.127748
172.523008
172.737140
176.953029
177.742843
183.510450
186.194758
182.487328
183.351354
179.123500
173.970058
171.855808
172.435121
167.227515
168.658173
169.776098
167.805940
168.858970
166.953328
161.553958
163.875656
163.737644
166.708420
168.049776
167.009245
163.400911
171.199250
172.622555
173.716573
176.444943
174.792952
172.318529
165.792652
168.781968
170.214582
171.951954
174.521673
177.609535
180.722680
178.173449
179.575357
173.504249
169.933455
167.710462
165.735947
162.570460
163.044883
165.929349
163.526892
163.920530
161.565958
156.246284
158.677356
161.441365
163.203933
165.416741
165.379352
162.339683
168.125404
171.381620
171.582278
173.740739
172.061550
167.549679
162.593145
164.496009
167.455944
165.914436
170.892731
171.583549
175.511191
174.171483
175.344465
168.920208
165.759190
163.842065
159.547682
160.738839
157.817992
160.835764
158.711286
160.420675
156.252070
153.021033
153.194276
156.724039
158.405348
161.802568
162.027100
160.762806
164.995766
169.088106
166.675252
169.922228
166.329995
161.333570
156.982112
159.455952
161.182034
160.091033
166.844814
165.825363
168.253275
169.949379
170.398395
165.732094
161.601034
159.707910
155.428544
157.622727
153.969289
153.762926
152.979300
154.976822
150.992289
149.381773
147.577504
151.522524
152.799705
156.711505
159.148643
158.428060
161.127695
166.150524
161.381311
162.804762
159.573986
154.951687
150.655149
153.811992
154.512596
155.536303
161.875278
160.747212
160.456190
164.541640
164.902770
161.384774
157.360052
155.700225
150.926797
152.984847
149.767499
146.447761
146.350074
149.244753
145.359695
144.755262
141.709051
145.688517
145.894728
150.787622
156.715606
154.556190
156.309736
159.577478
155.426300
155.347967
153.236969
148.776512
148.112700
148.947484
148.681778
150.799785
154.225134
155.270595
153.876945
158.448490
158.736849
155.820685
152.998765
150.919228
147.392463
148.459985
145.332689
140.796401
141.461377
144.006046
140.340856
139.321118
135.684313
138.928842
138.994110
144.148673
148.808300
149.296294
150.976371
152.064730
149.016166
148.649393
146.717310
142.847150
144.466535
144.152279
143.793999
145.964049
146.312772
148.739259
149.309203
153.074732
153.019726
150.186250
147.566904
145.752520
143.834074
143.910428
140.712523
137.899439
136.968718
139.114884
135.854576
133.883555
129.624981
131.763025
132.401005
137.244288
139.095373
142.207351
144.917898
144.887363
142.157916
143.133293
139.738575
136.081693
139.665079
138.871117
137.893196
140.668221
139.885814
141.440681
144.636799
148.141257
147.641415
143.746039
141.692645
141.737504
139.337384
138.112791
135.524167
134.961931
132.591664
133.366210
131.323295
127.416402
123.285473
124.319479
125.820768
129.892361
129.845840
134.715980
138.349798
138.759411
134.714102
137.163094
132.723132
129.120472
132.101909
132.308802
131.996663
134.704577
133.895755
133.932547
138.239924
140.924063
141.605916
136.481436
135.739560
137.509553
133.097350
131.664723
130.287961
130.520856
127.770800
127.372502
126.518469
120.442160
117.761457
116.783270
118.791097
121.564433
122.434265
127.272594
131.041582
132.052359
126.960704
128.583744
126.667830
121.961268
124.687462
125.881839
126.820107
127.710751
127.664737
127.374063
130.687984
133.389861
134.950371
129.938789
130.510955
131.960252
126.454967
126.294309
126.246126
123.600369
122.898294
121.897389
122.044469
113.809368
112.099430
109.752390
112.316865
114.520860
116.809762
120.716435
122.364388
124.127698
119.279362
118.702042
119.444163
114.059248
118.024193
119.585798
121.464623
120.524866
121.836528
120.179408
122.804561
125.815099
127.478108
124.590438
124.365116
125.294280
120.354127
120.987120
120.561238
116.660306
117.309719
115.862592
116.658737
108.491365
106.301756
104.053169
105.963057
108.196244
110.498533
114.346191
113.937849
115.749462
111.392112
109.666273
111.750063
107.069229
111.464470
112.642224
112.813933
113.475815
115.467542
113.310708
116.138212
119.072012
119.064746
119.449378
117.404998
118.000032
114.064043
114.820753
112.938071
109.929435
110.866301
109.162728
109.428334
102.748041
100.570854
98.055083
99.207130
102.128961
103.476546
107.637326
106.108735
107.548431
103.620412
103.647654
104.515723
101.092612
102.986865
104.616920
104.762505
106.119327
108.033950
106.796163
109.079458
112.218092
110.591404
112.850352
110.012411
109.250716
107.116859
107.099234
104.604549
103.382783
104.063009
102.399189
100.924450
95.999656
94.390457
93.476541
92.490646
95.259276
96.913701
99.827958
98.582510
100.515224
96.623710
97.107851
97.516382
94.198338
95.187823
96.055870
97.308677
98.392695
99.905936
99.620775
101.371816
104.583877
102.561564
105.169844
102.261490
100.277203
99.301110
99.005801
95.980455
97.278173
96.337986
95.131252
92.810916
88.763738
87.071559
88.472427
85.495512
87.939256
90.587676
91.400105
91.075000
93.032948
89.098316
89.379085
88.906820
86.690651
87.967732
87.843806
89.369872
91.439016
91.519988
91.625059
92.656749
95.282759
94.761751
95.963385
94.051194
91.183802
91.038473
90.473422
88.146017
90.240421
88.288662
87.240059
84.740785
81.428255
79.299097
82.026621
78.483429
80.365593
83.555409
83.255305
84.069831
85.344733
80.349307
80.735905
79.730061
79.114158
79.412610
80.053181
80.531370
83.816172
83.359473
83.198795
83.388338
85.706186
86.210326
85.132903
84.987147
81.967834
81.650674
81.516654
80.470932
82.057442
79.857489
78.523338
75.908984
74.300737
71.510190
73.473884
72.085170
72.510916
75.906885
75.632805
76.538854
77.271948
71.050796
71.652942
70.560999
70.653761
70.538006
72.126487
71.683116
74.705031
74.651834
74.067551
73.727915
76.049022
76.651192
74.931805
75.479243
72.599368
71.790640
72.189564
72.459349
73.236711
71.106915
69.345492
66.660796
66.683120
63.884983
64.763685
65.675174
64.578702
67.696254
67.686543
68.338692
68.699010
61.647224
62.397020
61.768483
61.301443
61.368823
61.970287
63.002828
64.381957
64.952122
64.222629
63.831227
65.816305
66.625961
64.984145
64.573550
63.543362
61.896501
62.170434
62.666855
63.161035
62.040018
60.120545
58.115427
57.921906
55.843298
56.257231
57.407535
56.874428
59.079856
59.247900
60.026089
60.496457
52.355049
52.669571
52.506791
51.727154
51.950752
51.796722
53.703228
53.841335
54.693724
54.000123
53.776957
55.057000
56.034001
55.303669
53.781495
53.890208
52.186269
52.149128
52.202646
52.379535
52.616212
50.765391
49.493558
48.552166
47.188929
47.736954
48.221251
48.454321
50.121223
50.155694
51.224119
51.763896
42.634098
42.422940
42.556995
42.083683
41.661850
41.778498
43.118537
43.508745
44.118129
43.665616
43.566446
43.970343
44.964753
45.050894
43.407360
43.674912
42.191312
42.279555
41.633755
41.947445
42.414891
41.145710
40.326939
39.061028
38.200625
38.871652
38.898418
39.260110
40.474223
40.675163
41.526387
42.380470
32.610837
31.864751
31.900225
31.872903
31.306786
31.669242
32.465628
33.009521
33.163901
33.083001
33.002987
33.239308
33.814167
34.011581
33.341619
33.114037
32.000006
32.206466
31.222279
31.645013
31.721982
31.257398
30.517904
29.628678
28.957555
29.111361
29.314027
29.585597
30.496560
30.836393
31.446806
32.385873
22.166271
21.224876
21.154140
21.178901
20.949322
21.263159
21.856389
22.285935
22.132878
22.242071
22.145003
22.421323
22.597260
22.489968
22.733435
22.315511
21.562298
21.716949
20.831537
21.182282
21.061197
20.818027
20.473402
19.969855
19.488400
19.362751
19.591747
19.751578
20.380326
20.598526
21.277223
21.947014
11.225855
10.706644
10.617742
10.599773
10.569991
10.651145
11.098455
11.260520
11.109641
11.190518
11.083608
11.343451
11.332139
11.166915
11.377687
11.177684
10.883809
10.863321
10.404797
10.610546
10.511050
10.377373
10.298212
10.047663
9.825325
9.749333
9.785633
9.891693
10.212630
10.324109
10.763698
11.069829
