24.605099
48.646790
72.282501
94.952301
115.807144
134.675034
151.325729
167.374649
181.487656
194.096741
205.470383
216.534210
226.378159
233.268173
238.034180
243.104218
248.386032
251.465729
251.209442
249.812912
248.740036
246.945358
244.694992
240.513351
235.993958
231.986313
231.273712
231.131561
232.342010
231.942383
232.055832
231.424957
230.926117
228.878876
220.764984
209.193817
194.655655
177.615021
167.702698
161.928955
162.655243
171.821884
181.351898
182.986511
180.590179
165.352051
141.174255
114.951447
87.669792
61.889679
41.551903
27.373610
17.085693
8.935732
3.551992
1.204648
0.000000
1.755559
5.524637
10.565773
16.393543
24.212193
35.212280
48.653858
62.364143
76.397415
87.717407
99.579041
112.488419
120.973694
126.317757
129.931641
131.303116
129.473907
128.141479
129.261902
129.263748
128.129898
130.322891
131.224060
140.883286
154.678787
172.203796
191.912445
215.102676
241.416321
264.792236
287.075897
292.181335
291.106323
283.263947
265.774292
245.599915
234.101700
230.474548
228.912399
232.122040
238.070007
239.263458
232.836121
225.191208
216.688873
206.989029
193.995987
180.040512
165.284286
149.622284
133.032166
113.802971
93.251175
71.308327
48.479595
24.441832
