631.324048
2483.925367
6098.947853
11978.480018
20602.988439
32405.450267
47694.537051
66622.139319
89281.151511
115816.826654
146386.381166
180946.160215
219288.755839
261152.209299
306293.593892
354470.198064
405461.751323
458950.493693
514477.915498
571507.981153
629681.300608
689071.378028
749869.727176
812059.525623
874917.449441
937518.656577
998686.146365
1057353.795419
1112867.502558
1165897.384118
1217973.931552
1271545.983096
1328702.318747
1390769.404011
1457527.883799
1527359.205717
1597810.376119
1665984.202480
1729175.730283
1785267.096915
1832663.869319
1870459.717794
1898221.203288
1916153.625699
1924939.553997
1925496.789071
1918527.024861
1904342.618905
1883275.901789
1856250.221363
1824981.581773
1791608.511049
1757838.033799
1724083.685566
1689476.076850
1651680.583437
1607870.942309
1556400.269132
1497890.204987
1435432.656723
1374149.377222
1319423.453581
1275517.998469
1243991.750695
1223531.422572
1209881.778413
1196721.771146
1177060.307844
1145193.852976
1098510.302573
1038134.204499
968406.053344
895982.762243
828436.047773
773311.163929
736732.904751
722737.553994
733087.577126
767427.218600
823608.407138
897936.960067
984650.955799
1077206.949369
1169742.826472
1258565.387079
1342169.801748
1421461.420591
1499037.224245
1578343.141241
1662513.171490
1753836.586467
1852865.637087
1958489.779746
2068813.293238
2181767.257608
2295446.818806
2407735.776720
2515962.236162
2616940.269462
2707713.376432
2786813.909658
2855021.225159
2915658.520685
2974356.452363
3038178.380641
3114321.876563
3207848.186057
3319350.751632
3443225.106247
3567413.166439
3674945.631508
3748375.367920
3774967.163393
3750983.872588
3683249.809455
3585329.126644
3472646.232875
3358526.445032
3251872.952470
3157047.692340
3074282.601010
3000802.073509
2932098.345778
2863506.551041
2791063.089663
2711995.527273
2624945.046133
2529839.216988
2427506.286062
2319143.098646
2206095.014355
2090305.250600
1974612.562082
1862686.152017
1758063.627343
1662916.703168
1576996.919585
1497891.572891
1421510.995324
1343773.419849
1261452.325879
1173110.255508
1079261.402793
982919.900409
888659.575018
802273.840347
729661.663503
676728.609315
648287.476057
646897.826647
671915.668531
718971.503637
780809.912454
848651.157982
913642.347477
968388.393073
1008201.208350
1032290.072471
1043970.468669
1049757.818392
1057299.325207
1073017.614737
1100521.190400
1140102.557898
1188956.588562
1242339.264918
1295290.858256
1344180.705456
1387481.499480
1425403.809592
1459236.761722
1490842.731490
1521520.419598
1551557.816900
1580350.418880
1606564.896873
1628910.949701
1646579.367335
1659441.317391
1667426.455677
1670024.836196
1666088.900390
1654342.498472
1633979.252881
1604642.083118
1566250.132785
1519129.512417
1464336.631062
1404069.736563
1341353.623254
1279422.754422
1220882.560813
1166972.645489
1117546.503422
1071421.290870
1026377.645185
980141.555184
931299.504248
879772.822834
826092.851298
771227.582174
716210.562301
661801.925076
608234.663034
555622.881365
504012.642409
453590.179441
404684.662603
357681.110655
312890.076082
270535.799213
230863.445093
194131.556746
160577.168040
130382.430505
103602.970465
80194.422954
60093.984785
43257.198085
29577.561022
18924.121803
11063.452904
5659.699567
2315.795328
589.911153
