0.990990
1.948377
2.859987
3.724867
4.554174
5.333929
6.041151
6.685126
7.308552
7.868452
8.301989
8.653808
8.965052
9.275640
9.520526
9.684820
9.834955
9.996158
10.141972
10.167224
10.067757
9.893707
9.747837
9.617528
9.470168
9.290326
9.165549
9.178305
9.307564
9.493830
9.515195
9.428394
9.036939
8.518045
7.946859
7.836433
7.998359
8.338126
8.665697
8.789362
8.450152
7.734532
6.698521
5.431476
4.222713
3.253824
2.403689
1.876855
1.443770
1.072742
0.916524
0.792151
0.695679
0.522406
0.304624
0.110656
0.000000
0.132143
0.433922
0.878332
1.392537
1.942821
2.471889
2.760424
3.051304
3.201651
3.072511
2.884136
2.846058
3.016999
3.255020
3.603682
3.957538
4.279118
4.581188
4.899548
5.315707
5.793768
6.307858
6.894495
7.698103
8.846001
9.955228
10.845499
11.615459
11.588160
11.028225
10.369287
9.636726
8.860695
8.707162
8.837782
9.076260
9.525354
9.950247
10.091961
9.979561
9.711512
9.438686
9.150951
8.857752
8.559528
8.170612
7.719011
7.209680
6.687609
6.067273
5.332682
4.531146
3.702202
2.826586
1.913569
0.970743
