0.207024
0.412516
0.615417
0.814110
1.006514
1.191657
1.368495
1.536521
1.697495
1.849605
1.996308
2.135863
2.269914
2.394941
2.519220
2.647029
2.767899
2.882516
2.996345
3.103225
3.192932
3.273132
3.349841
3.408008
3.438500
3.441774
3.433005
3.411498
3.374288
3.318267
3.259861
3.201393
3.159178
3.132179
3.112028
3.091143
3.092306
3.131010
3.191838
3.287306
3.397089
3.511531
3.639501
3.778209
3.918779
4.044177
4.163343
4.256713
4.323040
4.375504
4.386975
4.355483
4.294849
4.196688
4.074976
3.926555
3.759720
3.586856
3.403544
3.215178
3.037732
2.867718
2.695324
2.508119
2.325848
2.152664
1.987919
1.823722
1.660124
1.504649
1.358906
1.229113
1.109396
1.003153
0.907296
0.829384
0.769030
0.718856
0.685326
0.661990
0.649592
0.650247
0.652489
0.665692
0.680140
0.686398
0.681001
0.655366
0.609347
0.535716
0.432933
0.309866
0.182752
0.067303
0.000000
0.069422
0.190161
0.331016
0.474409
0.596223
0.692258
0.754327
0.784553
0.789349
0.779951
0.754599
0.729254
0.707450
0.689058
0.682397
0.681885
0.701861
0.736616
0.781977
0.845585
0.922114
1.010560
1.115368
1.237823
1.377543
1.527137
1.685484
1.849244
2.024543
2.205649
2.388318
2.572435
2.762150
2.953739
3.156158
3.360760
3.573282
3.769110
3.959748
4.136319
4.293704
4.423567
4.521412
4.605563
4.631092
4.632597
4.598664
4.509532
4.392937
4.259986
4.118049
3.967872
3.820175
3.676064
3.536723
3.427375
3.341751
3.282809
3.254506
3.247841
3.259742
3.301873
3.370315
3.446245
3.518443
3.576385
3.621415
3.650155
3.663160
3.650875
3.607849
3.542236
3.469706
3.389273
3.287856
3.175245
3.062033
2.949460
2.833914
2.703952
2.569688
2.429310
2.285227
2.137743
1.985180
1.822175
1.647117
1.463911
1.270484
1.071360
0.865230
0.654338
0.438946
0.220640
